---
version:
  config: 1483241570
  puppet: 4.8.1
resources:
  changed: 0
  corrective_change: 0
  failed: 1
  failed_to_restart: 0
  out_of_sync: 1
  restarted: 0
  scheduled: 0
  skipped: 0
  total: 8
time:
  config_retrieval: 0.453126528
  filebucket: 0.000299994
  schedule: 0.001149285
  total: 0.588284081
  user: 0.133708274
  last_run: 1483241571
changes:
  total: 0
events:
  failure: 1
  success: 0
  total: 1
